(0.0 0.5 0.0 0.0 0.0 0.0 0.0 0.5 0.0
0.0 0.0 0.33 0.0 0.0 0.0 0.0 0.33 0.33
0.0 0.0 0.0 1.0 0.0 0.0 0.0 0.0 0.0
0.0 0.33 0.0 0.0 0.33 0.0 0.0 0.0 0.33
0.0 0.0 0.0 0.0 0.0 0.0 0.0 0.0 0.0
0.0 0.0 0.0 0.0 0.5 0.0 0.0 0.0 0.5
0.33 0.0 0.0 0.0 0.0 0.0 0.0 0.33 0.33
0.0 0.0 0.0 0.0 0.0 0.0 0.0 0.0 0.0
0.0 0.0 0.0 0.0 1.0 0.0 0.0 0.0 0.0)
(0.0 0.5 0.0 0.0 0.0 0.0 0.0 0.5 0.0
0.0 0.0 0.33 0.0 0.0 0.0 0.0 0.33 0.33
0.0 0.0 0.0 1.0 0.0 0.0 0.0 0.0 0.0
0.0 0.33 0.0 0.0 0.33 0.0 0.0 0.0 0.33
0.11 0.11 0.11 0.11 0.11 0.11 0.11 0.11 0.11
0.0 0.0 0.0 0.0 0.5 0.0 0.0 0.0 0.5
0.33 0.0 0.0 0.0 0.0 0.0 0.0 0.33 0.33
0.11 0.11 0.11 0.11 0.11 0.11 0.11 0.11 0.11
0.0 0.0 0.0 0.0 1.0 0.0 0.0 0.0 0.0)
(0.0 0.5 0.0 0.0 0.0 0.0 0.0 0.5 0.0
0.0 0.0 0.33 0.0 0.0 0.0 0.0 0.33 0.33
0.0 0.0 0.0 1.0 0.0 0.0 0.0 0.0 0.0
0.0 0.33 0.0 0.0 0.33 0.0 0.0 0.0 0.33
0.11 0.11 0.11 0.11 0.11 0.11 0.11 0.11 0.11
0.0 0.0 0.0 0.0 0.5 0.0 0.0 0.0 0.5
0.33 0.0 0.0 0.0 0.0 0.0 0.0 0.33 0.33
0.11 0.11 0.11 0.11 0.11 0.11 0.11 0.11 0.11
0.0 0.0 0.0 0.0 1.0 0.0 0.0 0.0 0.0)
(0.06 0.11 0.08 0.12 0.26 0.04 0.04 0.12 0.16)
