(0.0 0.5 0.5 0.0 0.0 0.0
0.5 0.0 0.5 0.0 0.0 0.0
0.0 1.0 0.0 0.0 0.0 0.0
0.0 0.0 0.5 0.0 0.5 0.0
0.0 0.0 0.0 0.0 0.0 0.0
0.0 0.0 0.0 0.5 0.5 0.0)
(0.0 0.5 0.5 0.0 0.0 0.0
0.5 0.0 0.5 0.0 0.0 0.0
0.0 1.0 0.0 0.0 0.0 0.0
0.0 0.0 0.5 0.0 0.5 0.0
0.17 0.17 0.17 0.17 0.17 0.17
0.0 0.0 0.0 0.5 0.5 0.0)
(0.02 0.47 0.47 0.02 0.02 0.02
0.47 0.02 0.47 0.02 0.02 0.02
0.02 0.92 0.02 0.02 0.02 0.02
0.02 0.02 0.47 0.02 0.47 0.02
0.17 0.17 0.17 0.17 0.17 0.17
0.02 0.02 0.02 0.47 0.47 0.02)
(0.2 0.39 0.3 0.04 0.05 0.02)
